519
282
128
138
133
601
90
198
45
191
44
161
62
826
93
77
491
103
74
375
750
225
486
23
300
123
185
228
226
119
450
324
967
167
114
178
259
214
134
575
1209
437
1656
676
532
25
590
89
888
1613
466
32
381
97
417
26
293
87
1308
461
1385
380
130
140
179
365
131
530
1618
303
78
643
216
1659
249
53
22
241
182
543
1564
54
937
1517
412
999
494
34
373
691
319
189
707
364
459
1891
395
85
84
308
1510
894
31
556
1236
197
159
151
175
277
927
291
1429
803
1837
1791
223
1454
108
767
606
409
835
220
81
1056
336
904
107
126
355
99
634
196
718
66
164
122
385
488
192
338
58
879
593
536
252
156
1072
8
571
271
424
415
19
1962
1037
498
958
104
1062
328
341
63
881
1928
758
610
1660
286
1318
386
646
555
560
1923
346
1071
127
124
111
453
616
614
1969
540
1168
454
1689
1377
55
1007
345
184
607
430
457
120
285
1080
734
1529
1095
620
234
155
76
289
636
326
280
1902
88
1410
304
1248
472
541
1053
305
568
1173
388
507
537
246
315
1271
595
1077
983
489
830
1630
163
723
160
875
1299
1729
394
59
1046
142
260
920
1265
1253
115
884
492
132
351
91
1096
79
955
1085
792
262
789
48
906
29
516
804
72
210
209
248
644
188
405